  lc        k         e         sdir      sby       sbz       ux        uy        uz        theta     Di        Do        t         mDo     
  mt      
  -         -         -         MPa       MPa       MPa       -         -         -         rad       mm        mm        mm        mm      
  mm      
        1.        4.      181.  0.37E+00  0.11E-02  0.14E+01  0.501718 -0.865031 -0.000000  1.570796  0.90E+03  0.10E+04  0.12E+02  0.10E+04  0.12E+02
        1.        4.      234.  0.39E+00  0.86E-03  0.20E+00  0.501718  0.865031  0.000000  1.570796  0.90E+03  0.10E+04  0.12E+02  0.10E+04  0.12E+02
        1.        5.      198.  0.37E+00  0.27E-02  0.14E+01  0.501718 -0.865031  0.000000  1.570796  0.90E+03  0.10E+04  0.12E+02  0.10E+04  0.12E+02
        1.        5.      199.  0.38E+00  0.30E-02  0.23E+00 -1.000000  0.000000 -0.000000  1.570796  0.90E+03  0.10E+04  0.12E+02  0.10E+04  0.12E+02
        1.        6.      216.  0.38E+00  0.21E-01  0.34E+01 -1.000000  0.000000  0.000000  1.570796  0.90E+03  0.10E+04  0.12E+02  0.10E+04  0.12E+02
        1.        6.      217.  0.38E+00  0.17E-01  0.34E+01  0.501718  0.865031 -0.000000  1.570796  0.90E+03  0.10E+04  0.12E+02  0.10E+04  0.12E+02
        1.        7.      235.  0.57E-01  0.75E-02  0.11E+01  0.501718 -0.865031  0.000000  1.570796  0.90E+03  0.10E+04  0.12E+02  0.10E+04  0.12E+02
        1.        7.      288.  0.31E-01  0.33E-02  0.45E-01  0.501718  0.865031  0.000000  1.570796  0.90E+03  0.10E+04  0.12E+02  0.10E+04  0.12E+02
        1.        8.      252.  0.57E-01  0.36E-02  0.11E+01  0.501718 -0.865031  0.000000  1.570796  0.90E+03  0.10E+04  0.12E+02  0.10E+04  0.12E+02
        1.        8.      253.  0.31E-01  0.71E-02  0.67E-01 -1.000000  0.000000  0.000000  1.570796  0.90E+03  0.10E+04  0.12E+02  0.10E+04  0.12E+02
        1.        9.      270.  0.31E-01  0.13E-01  0.45E+00 -1.000000  0.000000  0.000000  1.570796  0.90E+03  0.10E+04  0.12E+02  0.10E+04  0.12E+02
        1.        9.      271.  0.31E-01  0.88E-02  0.44E+00  0.501718  0.865031  0.000000  1.570796  0.90E+03  0.10E+04  0.12E+02  0.10E+04  0.12E+02
        2.        4.      181.  0.32E+00  0.19E-01  0.25E+01  0.501718 -0.865031 -0.000000  1.570796  0.90E+03  0.10E+04  0.12E+02  0.10E+04  0.12E+02
        2.        4.      234.  0.51E+00  0.22E-01  0.43E+01  0.501718  0.865031  0.000000  1.570796  0.90E+03  0.10E+04  0.12E+02  0.10E+04  0.12E+02
        2.        5.      198.  0.32E+00  0.18E-01  0.25E+01  0.501718 -0.865031  0.000000  1.570796  0.90E+03  0.10E+04  0.12E+02  0.10E+04  0.12E+02
        2.        5.      199.  0.51E+00  0.23E-01  0.43E+01 -1.000000  0.000000 -0.000000  1.570796  0.90E+03  0.10E+04  0.12E+02  0.10E+04  0.12E+02
        2.        6.      216.  0.51E+00  0.52E-01  0.87E+01 -1.000000  0.000000  0.000000  1.570796  0.90E+03  0.10E+04  0.12E+02  0.10E+04  0.12E+02
        2.        6.      217.  0.51E+00  0.51E-01  0.87E+01  0.501718  0.865031 -0.000000  1.570796  0.90E+03  0.10E+04  0.12E+02  0.10E+04  0.12E+02
        2.        7.      235.  0.17E-01  0.31E-03  0.14E+01  0.501718 -0.865031  0.000000  1.570796  0.90E+03  0.10E+04  0.12E+02  0.10E+04  0.12E+02
        2.        7.      288.  0.21E-01  0.94E-03  0.19E+01  0.501718  0.865031  0.000000  1.570796  0.90E+03  0.10E+04  0.12E+02  0.10E+04  0.12E+02
        2.        8.      252.  0.17E-01  0.58E-03  0.14E+01  0.501718 -0.865031  0.000000  1.570796  0.90E+03  0.10E+04  0.12E+02  0.10E+04  0.12E+02
        2.        8.      253.  0.21E-01  0.23E-05  0.19E+01 -1.000000  0.000000  0.000000  1.570796  0.90E+03  0.10E+04  0.12E+02  0.10E+04  0.12E+02
        2.        9.      270.  0.21E-01  0.14E-03  0.27E+01 -1.000000  0.000000  0.000000  1.570796  0.90E+03  0.10E+04  0.12E+02  0.10E+04  0.12E+02
        2.        9.      271.  0.21E-01  0.11E-02  0.27E+01  0.501718  0.865031  0.000000  1.570796  0.90E+03  0.10E+04  0.12E+02  0.10E+04  0.12E+02
        3.        4.      181.  0.29E+00  0.29E-01  0.30E+01  0.501718 -0.865031 -0.000000  1.570796  0.90E+03  0.10E+04  0.12E+02  0.10E+04  0.12E+02
        3.        4.      234.  0.57E+00  0.37E-01  0.62E+01  0.501718  0.865031  0.000000  1.570796  0.90E+03  0.10E+04  0.12E+02  0.10E+04  0.12E+02
        3.        5.      198.  0.29E+00  0.31E-01  0.30E+01  0.501718 -0.865031  0.000000  1.570796  0.90E+03  0.10E+04  0.12E+02  0.10E+04  0.12E+02
        3.        5.      199.  0.57E+00  0.34E-01  0.62E+01 -1.000000  0.000000 -0.000000  1.570796  0.90E+03  0.10E+04  0.12E+02  0.10E+04  0.12E+02
        3.        6.      216.  0.57E+00  0.66E-01  0.11E+02 -1.000000  0.000000  0.000000  1.570796  0.90E+03  0.10E+04  0.12E+02  0.10E+04  0.12E+02
        3.        6.      217.  0.57E+00  0.68E-01  0.11E+02  0.501718  0.865031 -0.000000  1.570796  0.90E+03  0.10E+04  0.12E+02  0.10E+04  0.12E+02
        3.        7.      235.  0.41E-02  0.45E-02  0.15E+01  0.501718 -0.865031  0.000000  1.570796  0.90E+03  0.10E+04  0.12E+02  0.10E+04  0.12E+02
        3.        7.      288.  0.53E-01  0.27E-02  0.24E+01  0.501718  0.865031  0.000000  1.570796  0.90E+03  0.10E+04  0.12E+02  0.10E+04  0.12E+02
        3.        8.      252.  0.41E-02  0.22E-02  0.15E+01  0.501718 -0.865031  0.000000  1.570796  0.90E+03  0.10E+04  0.12E+02  0.10E+04  0.12E+02
        3.        8.      253.  0.53E-01  0.48E-02  0.24E+01 -1.000000  0.000000  0.000000  1.570796  0.90E+03  0.10E+04  0.12E+02  0.10E+04  0.12E+02
        3.        9.      270.  0.53E-01  0.82E-02  0.37E+01 -1.000000  0.000000  0.000000  1.570796  0.90E+03  0.10E+04  0.12E+02  0.10E+04  0.12E+02
        3.        9.      271.  0.53E-01  0.60E-02  0.37E+01  0.501718  0.865031  0.000000  1.570796  0.90E+03  0.10E+04  0.12E+02  0.10E+04  0.12E+02
        4.        4.      181.  0.30E+00  0.30E-01  0.26E+01  0.501718 -0.865031 -0.000000  1.570796  0.90E+03  0.10E+04  0.12E+02  0.10E+04  0.12E+02
        4.        4.      234.  0.55E+00  0.38E-01  0.48E+01  0.501718  0.865031  0.000000  1.570796  0.90E+03  0.10E+04  0.12E+02  0.10E+04  0.12E+02
        4.        5.      198.  0.30E+00  0.32E-01  0.26E+01  0.501718 -0.865031  0.000000  1.570796  0.90E+03  0.10E+04  0.12E+02  0.10E+04  0.12E+02
        4.        5.      199.  0.55E+00  0.35E-01  0.48E+01 -1.000000  0.000000 -0.000000  1.570796  0.90E+03  0.10E+04  0.12E+02  0.10E+04  0.12E+02
        4.        6.      216.  0.55E+00  0.57E-01  0.84E+01 -1.000000  0.000000  0.000000  1.570796  0.90E+03  0.10E+04  0.12E+02  0.10E+04  0.12E+02
        4.        6.      217.  0.55E+00  0.60E-01  0.84E+01  0.501718  0.865031 -0.000000  1.570796  0.90E+03  0.10E+04  0.12E+02  0.10E+04  0.12E+02
        4.        7.      235.  0.11E-02  0.49E-02  0.13E+01  0.501718 -0.865031  0.000000  1.570796  0.90E+03  0.10E+04  0.12E+02  0.10E+04  0.12E+02
        4.        7.      288.  0.57E-01  0.26E-02  0.14E+01  0.501718  0.865031  0.000000  1.570796  0.90E+03  0.10E+04  0.12E+02  0.10E+04  0.12E+02
        4.        8.      252.  0.11E-02  0.18E-02  0.13E+01  0.501718 -0.865031  0.000000  1.570796  0.90E+03  0.10E+04  0.12E+02  0.10E+04  0.12E+02
        4.        8.      253.  0.57E-01  0.54E-02  0.13E+01 -1.000000  0.000000  0.000000  1.570796  0.90E+03  0.10E+04  0.12E+02  0.10E+04  0.12E+02
        4.        9.      270.  0.57E-01  0.88E-02  0.32E+01 -1.000000  0.000000  0.000000  1.570796  0.90E+03  0.10E+04  0.12E+02  0.10E+04  0.12E+02
        4.        9.      271.  0.57E-01  0.59E-02  0.32E+01  0.501718  0.865031  0.000000  1.570796  0.90E+03  0.10E+04  0.12E+02  0.10E+04  0.12E+02
        5.        4.      181.  0.32E+00  0.24E-01  0.19E+01  0.501718 -0.865031 -0.000000  1.570796  0.90E+03  0.10E+04  0.12E+02  0.10E+04  0.12E+02
        5.        4.      234.  0.49E+00  0.30E-01  0.25E+01  0.501718  0.865031  0.000000  1.570796  0.90E+03  0.10E+04  0.12E+02  0.10E+04  0.12E+02
        5.        5.      198.  0.32E+00  0.26E-01  0.19E+01  0.501718 -0.865031  0.000000  1.570796  0.90E+03  0.10E+04  0.12E+02  0.10E+04  0.12E+02
        5.        5.      199.  0.49E+00  0.28E-01  0.25E+01 -1.000000  0.000000 -0.000000  1.570796  0.90E+03  0.10E+04  0.12E+02  0.10E+04  0.12E+02
        5.        6.      216.  0.49E+00  0.35E-01  0.51E+01 -1.000000  0.000000  0.000000  1.570796  0.90E+03  0.10E+04  0.12E+02  0.10E+04  0.12E+02
        5.        6.      217.  0.49E+00  0.38E-01  0.51E+01  0.501718  0.865031 -0.000000  1.570796  0.90E+03  0.10E+04  0.12E+02  0.10E+04  0.12E+02
        5.        7.      235.  0.71E-02  0.40E-02  0.12E+01  0.501718 -0.865031  0.000000  1.570796  0.90E+03  0.10E+04  0.12E+02  0.10E+04  0.12E+02
        5.        7.      288.  0.56E-01  0.23E-02  0.95E-01  0.501718  0.865031  0.000000  1.570796  0.90E+03  0.10E+04  0.12E+02  0.10E+04  0.12E+02
        5.        8.      252.  0.71E-02  0.16E-02  0.12E+01  0.501718 -0.865031  0.000000  1.570796  0.90E+03  0.10E+04  0.12E+02  0.10E+04  0.12E+02
        5.        8.      253.  0.56E-01  0.45E-02  0.74E-01 -1.000000  0.000000  0.000000  1.570796  0.90E+03  0.10E+04  0.12E+02  0.10E+04  0.12E+02
        5.        9.      270.  0.56E-01  0.73E-02  0.24E+01 -1.000000  0.000000  0.000000  1.570796  0.90E+03  0.10E+04  0.12E+02  0.10E+04  0.12E+02
        5.        9.      271.  0.56E-01  0.50E-02  0.24E+01  0.501718  0.865031  0.000000  1.570796  0.90E+03  0.10E+04  0.12E+02  0.10E+04  0.12E+02
        6.        4.      181.  0.35E+00  0.13E-01  0.12E+01  0.501718 -0.865031 -0.000000  1.570796  0.90E+03  0.10E+04  0.12E+02  0.10E+04  0.12E+02
        6.        4.      234.  0.42E+00  0.16E-01  0.65E-01  0.501718  0.865031  0.000000  1.570796  0.90E+03  0.10E+04  0.12E+02  0.10E+04  0.12E+02
        6.        5.      198.  0.35E+00  0.14E-01  0.12E+01  0.501718 -0.865031  0.000000  1.570796  0.90E+03  0.10E+04  0.12E+02  0.10E+04  0.12E+02
        6.        5.      199.  0.42E+00  0.14E-01  0.78E-01 -1.000000  0.000000 -0.000000  1.570796  0.90E+03  0.10E+04  0.12E+02  0.10E+04  0.12E+02
        6.        6.      216.  0.42E+00  0.71E-02  0.14E+01 -1.000000  0.000000  0.000000  1.570796  0.90E+03  0.10E+04  0.12E+02  0.10E+04  0.12E+02
        6.        6.      217.  0.42E+00  0.87E-02  0.14E+01  0.501718  0.865031 -0.000000  1.570796  0.90E+03  0.10E+04  0.12E+02  0.10E+04  0.12E+02
        6.        7.      235.  0.14E-01  0.36E-02  0.10E+01  0.501718 -0.865031  0.000000  1.570796  0.90E+03  0.10E+04  0.12E+02  0.10E+04  0.12E+02
        6.        7.      288.  0.58E-01  0.21E-02  0.12E+01  0.501718  0.865031  0.000000  1.570796  0.90E+03  0.10E+04  0.12E+02  0.10E+04  0.12E+02
        6.        8.      252.  0.14E-01  0.18E-02  0.10E+01  0.501718 -0.865031  0.000000  1.570796  0.90E+03  0.10E+04  0.12E+02  0.10E+04  0.12E+02
        6.        8.      253.  0.59E-01  0.37E-02  0.12E+01 -1.000000  0.000000  0.000000  1.570796  0.90E+03  0.10E+04  0.12E+02  0.10E+04  0.12E+02
        6.        9.      270.  0.59E-01  0.64E-02  0.17E+01 -1.000000  0.000000  0.000000  1.570796  0.90E+03  0.10E+04  0.12E+02  0.10E+04  0.12E+02
        6.        9.      271.  0.58E-01  0.47E-02  0.17E+01  0.501718  0.865031  0.000000  1.570796  0.90E+03  0.10E+04  0.12E+02  0.10E+04  0.12E+02
        7.        4.      181.  0.38E+00  0.19E-02  0.40E+00  0.501718 -0.865031 -0.000000  1.570796  0.90E+03  0.10E+04  0.12E+02  0.10E+04  0.12E+02
        7.        4.      234.  0.33E+00  0.23E-02  0.28E+01  0.501718  0.865031  0.000000  1.570796  0.90E+03  0.10E+04  0.12E+02  0.10E+04  0.12E+02
        7.        5.      198.  0.38E+00  0.56E-03  0.41E+00  0.501718 -0.865031  0.000000  1.570796  0.90E+03  0.10E+04  0.12E+02  0.10E+04  0.12E+02
        7.        5.      199.  0.33E+00  0.33E-02  0.28E+01 -1.000000  0.000000 -0.000000  1.570796  0.90E+03  0.10E+04  0.12E+02  0.10E+04  0.12E+02
        7.        6.      216.  0.33E+00  0.23E-01  0.24E+01 -1.000000  0.000000  0.000000  1.570796  0.90E+03  0.10E+04  0.12E+02  0.10E+04  0.12E+02
        7.        6.      217.  0.33E+00  0.22E-01  0.24E+01  0.501718  0.865031 -0.000000  1.570796  0.90E+03  0.10E+04  0.12E+02  0.10E+04  0.12E+02
        7.        7.      235.  0.20E-01  0.35E-02  0.88E+00  0.501718 -0.865031  0.000000  1.570796  0.90E+03  0.10E+04  0.12E+02  0.10E+04  0.12E+02
        7.        7.      288.  0.65E-01  0.21E-02  0.25E+01  0.501718  0.865031  0.000000  1.570796  0.90E+03  0.10E+04  0.12E+02  0.10E+04  0.12E+02
        7.        8.      252.  0.20E-01  0.22E-02  0.88E+00  0.501718 -0.865031  0.000000  1.570796  0.90E+03  0.10E+04  0.12E+02  0.10E+04  0.12E+02
        7.        8.      253.  0.65E-01  0.32E-02  0.25E+01 -1.000000  0.000000  0.000000  1.570796  0.90E+03  0.10E+04  0.12E+02  0.10E+04  0.12E+02
        7.        9.      270.  0.65E-01  0.61E-02  0.90E+00 -1.000000  0.000000  0.000000  1.570796  0.90E+03  0.10E+04  0.12E+02  0.10E+04  0.12E+02
        7.        9.      271.  0.65E-01  0.49E-02  0.88E+00  0.501718  0.865031  0.000000  1.570796  0.90E+03  0.10E+04  0.12E+02  0.10E+04  0.12E+02
        8.        4.      181.  0.41E+00  0.17E-01  0.33E+00  0.501718 -0.865031 -0.000000  1.570796  0.90E+03  0.10E+04  0.12E+02  0.10E+04  0.12E+02
        8.        4.      234.  0.25E+00  0.21E-01  0.55E+01  0.501718  0.865031  0.000000  1.570796  0.90E+03  0.10E+04  0.12E+02  0.10E+04  0.12E+02
        8.        5.      198.  0.41E+00  0.16E-01  0.33E+00  0.501718 -0.865031  0.000000  1.570796  0.90E+03  0.10E+04  0.12E+02  0.10E+04  0.12E+02
        8.        5.      199.  0.25E+00  0.21E-01  0.55E+01 -1.000000  0.000000 -0.000000  1.570796  0.90E+03  0.10E+04  0.12E+02  0.10E+04  0.12E+02
        8.        6.      216.  0.25E+00  0.49E-01  0.58E+01 -1.000000  0.000000  0.000000  1.570796  0.90E+03  0.10E+04  0.12E+02  0.10E+04  0.12E+02
        8.        6.      217.  0.25E+00  0.48E-01  0.58E+01  0.501718  0.865031 -0.000000  1.570796  0.90E+03  0.10E+04  0.12E+02  0.10E+04  0.12E+02
        8.        7.      235.  0.28E-01  0.28E-02  0.71E+00  0.501718 -0.865031  0.000000  1.570796  0.90E+03  0.10E+04  0.12E+02  0.10E+04  0.12E+02
        8.        7.      288.  0.65E-01  0.17E-02  0.37E+01  0.501718  0.865031  0.000000  1.570796  0.90E+03  0.10E+04  0.12E+02  0.10E+04  0.12E+02
        8.        8.      252.  0.28E-01  0.21E-02  0.71E+00  0.501718 -0.865031  0.000000  1.570796  0.90E+03  0.10E+04  0.12E+02  0.10E+04  0.12E+02
        8.        8.      253.  0.65E-01  0.23E-02  0.37E+01 -1.000000  0.000000  0.000000  1.570796  0.90E+03  0.10E+04  0.12E+02  0.10E+04  0.12E+02
        8.        9.      270.  0.65E-01  0.48E-02  0.48E-01 -1.000000  0.000000  0.000000  1.570796  0.90E+03  0.10E+04  0.12E+02  0.10E+04  0.12E+02
        8.        9.      271.  0.65E-01  0.41E-02  0.74E-01  0.501718  0.865031  0.000000  1.570796  0.90E+03  0.10E+04  0.12E+02  0.10E+04  0.12E+02
        9.        4.      181.  0.44E+00  0.29E-01  0.98E+00  0.501718 -0.865031 -0.000000  1.570796  0.90E+03  0.10E+04  0.12E+02  0.10E+04  0.12E+02
        9.        4.      234.  0.17E+00  0.35E-01  0.81E+01  0.501718  0.865031  0.000000  1.570796  0.90E+03  0.10E+04  0.12E+02  0.10E+04  0.12E+02
        9.        5.      198.  0.44E+00  0.29E-01  0.98E+00  0.501718 -0.865031  0.000000  1.570796  0.90E+03  0.10E+04  0.12E+02  0.10E+04  0.12E+02
        9.        5.      199.  0.17E+00  0.35E-01  0.81E+01 -1.000000  0.000000 -0.000000  1.570796  0.90E+03  0.10E+04  0.12E+02  0.10E+04  0.12E+02
        9.        6.      216.  0.18E+00  0.65E-01  0.86E+01 -1.000000  0.000000  0.000000  1.570796  0.90E+03  0.10E+04  0.12E+02  0.10E+04  0.12E+02
        9.        6.      217.  0.18E+00  0.65E-01  0.87E+01  0.501718  0.865031 -0.000000  1.570796  0.90E+03  0.10E+04  0.12E+02  0.10E+04  0.12E+02
        9.        7.      235.  0.41E-01  0.91E-03  0.53E+00  0.501718 -0.865031  0.000000  1.570796  0.90E+03  0.10E+04  0.12E+02  0.10E+04  0.12E+02
        9.        7.      288.  0.54E-01  0.71E-03  0.48E+01  0.501718  0.865031  0.000000  1.570796  0.90E+03  0.10E+04  0.12E+02  0.10E+04  0.12E+02
        9.        8.      252.  0.41E-01  0.10E-02  0.53E+00  0.501718 -0.865031  0.000000  1.570796  0.90E+03  0.10E+04  0.12E+02  0.10E+04  0.12E+02
        9.        8.      253.  0.54E-01  0.49E-03  0.48E+01 -1.000000  0.000000  0.000000  1.570796  0.90E+03  0.10E+04  0.12E+02  0.10E+04  0.12E+02
        9.        9.      270.  0.54E-01  0.15E-02  0.12E+01 -1.000000  0.000000  0.000000  1.570796  0.90E+03  0.10E+04  0.12E+02  0.10E+04  0.12E+02
        9.        9.      271.  0.54E-01  0.16E-02  0.12E+01  0.501718  0.865031  0.000000  1.570796  0.90E+03  0.10E+04  0.12E+02  0.10E+04  0.12E+02
       10.        4.      181.  0.46E+00  0.34E-01  0.12E+01  0.501718 -0.865031 -0.000000  1.570796  0.90E+03  0.10E+04  0.12E+02  0.10E+04  0.12E+02
       10.        4.      234.  0.14E+00  0.41E-01  0.91E+01  0.501718  0.865031  0.000000  1.570796  0.90E+03  0.10E+04  0.12E+02  0.10E+04  0.12E+02
       10.        5.      198.  0.46E+00  0.35E-01  0.12E+01  0.501718 -0.865031  0.000000  1.570796  0.90E+03  0.10E+04  0.12E+02  0.10E+04  0.12E+02
       10.        5.      199.  0.14E+00  0.39E-01  0.91E+01 -1.000000  0.000000 -0.000000  1.570796  0.90E+03  0.10E+04  0.12E+02  0.10E+04  0.12E+02
       10.        6.      216.  0.15E+00  0.65E-01  0.94E+01 -1.000000  0.000000  0.000000  1.570796  0.90E+03  0.10E+04  0.12E+02  0.10E+04  0.12E+02
       10.        6.      217.  0.15E+00  0.67E-01  0.94E+01  0.501718  0.865031 -0.000000  1.570796  0.90E+03  0.10E+04  0.12E+02  0.10E+04  0.12E+02
       10.        7.      235.  0.57E-01  0.26E-02  0.43E+00  0.501718 -0.865031  0.000000  1.570796  0.90E+03  0.10E+04  0.12E+02  0.10E+04  0.12E+02
       10.        7.      288.  0.27E-01  0.12E-02  0.52E+01  0.501718  0.865031  0.000000  1.570796  0.90E+03  0.10E+04  0.12E+02  0.10E+04  0.12E+02
       10.        8.      252.  0.57E-01  0.11E-02  0.43E+00  0.501718 -0.865031  0.000000  1.570796  0.90E+03  0.10E+04  0.12E+02  0.10E+04  0.12E+02
       10.        8.      253.  0.27E-01  0.27E-02  0.52E+01 -1.000000  0.000000  0.000000  1.570796  0.90E+03  0.10E+04  0.12E+02  0.10E+04  0.12E+02
       10.        9.      270.  0.27E-01  0.45E-02  0.21E+01 -1.000000  0.000000  0.000000  1.570796  0.90E+03  0.10E+04  0.12E+02  0.10E+04  0.12E+02
       10.        9.      271.  0.27E-01  0.30E-02  0.21E+01  0.501718  0.865031  0.000000  1.570796  0.90E+03  0.10E+04  0.12E+02  0.10E+04  0.12E+02
       11.        4.      181.  0.45E+00  0.30E-01  0.79E+00  0.501718 -0.865031 -0.000000  1.570796  0.90E+03  0.10E+04  0.12E+02  0.10E+04  0.12E+02
       11.        4.      234.  0.18E+00  0.36E-01  0.79E+01  0.501718  0.865031  0.000000  1.570796  0.90E+03  0.10E+04  0.12E+02  0.10E+04  0.12E+02
       11.        5.      198.  0.45E+00  0.32E-01  0.80E+00  0.501718 -0.865031  0.000000  1.570796  0.90E+03  0.10E+04  0.12E+02  0.10E+04  0.12E+02
       11.        5.      199.  0.18E+00  0.33E-01  0.79E+01 -1.000000  0.000000 -0.000000  1.570796  0.90E+03  0.10E+04  0.12E+02  0.10E+04  0.12E+02
       11.        6.      216.  0.18E+00  0.47E-01  0.71E+01 -1.000000  0.000000  0.000000  1.570796  0.90E+03  0.10E+04  0.12E+02  0.10E+04  0.12E+02
       11.        6.      217.  0.18E+00  0.50E-01  0.71E+01  0.501718  0.865031 -0.000000  1.570796  0.90E+03  0.10E+04  0.12E+02  0.10E+04  0.12E+02
       11.        7.      235.  0.75E-01  0.72E-02  0.50E+00  0.501718 -0.865031  0.000000  1.570796  0.90E+03  0.10E+04  0.12E+02  0.10E+04  0.12E+02
       11.        7.      288.  0.19E-01  0.43E-02  0.42E+01  0.501718  0.865031  0.000000  1.570796  0.90E+03  0.10E+04  0.12E+02  0.10E+04  0.12E+02
       11.        8.      252.  0.75E-01  0.44E-02  0.50E+00  0.501718 -0.865031  0.000000  1.570796  0.90E+03  0.10E+04  0.12E+02  0.10E+04  0.12E+02
       11.        8.      253.  0.18E-01  0.71E-02  0.42E+01 -1.000000  0.000000  0.000000  1.570796  0.90E+03  0.10E+04  0.12E+02  0.10E+04  0.12E+02
       11.        9.      270.  0.18E-01  0.13E-01  0.22E+01 -1.000000  0.000000  0.000000  1.570796  0.90E+03  0.10E+04  0.12E+02  0.10E+04  0.12E+02
       11.        9.      271.  0.19E-01  0.10E-01  0.22E+01  0.501718  0.865031  0.000000  1.570796  0.90E+03  0.10E+04  0.12E+02  0.10E+04  0.12E+02
       12.        4.      181.  0.42E+00  0.17E-01  0.11E+00  0.501718 -0.865031 -0.000000  1.570796  0.90E+03  0.10E+04  0.12E+02  0.10E+04  0.12E+02
       12.        4.      234.  0.26E+00  0.22E-01  0.48E+01  0.501718  0.865031  0.000000  1.570796  0.90E+03  0.10E+04  0.12E+02  0.10E+04  0.12E+02
       12.        5.      198.  0.42E+00  0.21E-01  0.10E+00  0.501718 -0.865031  0.000000  1.570796  0.90E+03  0.10E+04  0.12E+02  0.10E+04  0.12E+02
       12.        5.      199.  0.26E+00  0.18E-01  0.48E+01 -1.000000  0.000000 -0.000000  1.570796  0.90E+03  0.10E+04  0.12E+02  0.10E+04  0.12E+02
       12.        6.      216.  0.26E+00  0.16E-01  0.25E+01 -1.000000  0.000000  0.000000  1.570796  0.90E+03  0.10E+04  0.12E+02  0.10E+04  0.12E+02
       12.        6.      217.  0.26E+00  0.21E-01  0.25E+01  0.501718  0.865031 -0.000000  1.570796  0.90E+03  0.10E+04  0.12E+02  0.10E+04  0.12E+02
       12.        7.      235.  0.81E-01  0.10E-01  0.72E+00  0.501718 -0.865031  0.000000  1.570796  0.90E+03  0.10E+04  0.12E+02  0.10E+04  0.12E+02
       12.        7.      288.  0.51E-01  0.59E-02  0.23E+01  0.501718  0.865031  0.000000  1.570796  0.90E+03  0.10E+04  0.12E+02  0.10E+04  0.12E+02
       12.        8.      252.  0.81E-01  0.61E-02  0.72E+00  0.501718 -0.865031  0.000000  1.570796  0.90E+03  0.10E+04  0.12E+02  0.10E+04  0.12E+02
       12.        8.      253.  0.51E-01  0.10E-01  0.24E+01 -1.000000  0.000000  0.000000  1.570796  0.90E+03  0.10E+04  0.12E+02  0.10E+04  0.12E+02
       12.        9.      270.  0.51E-01  0.18E-01  0.14E+01 -1.000000  0.000000  0.000000  1.570796  0.90E+03  0.10E+04  0.12E+02  0.10E+04  0.12E+02
       12.        9.      271.  0.51E-01  0.14E-01  0.14E+01  0.501718  0.865031  0.000000  1.570796  0.90E+03  0.10E+04  0.12E+02  0.10E+04  0.12E+02
       13.        4.      181.  0.38E+00  0.12E-01  0.50E+00  0.501718 -0.865031 -0.000000  1.570796  0.90E+03  0.10E+04  0.12E+02  0.10E+04  0.12E+02
       13.        4.      234.  0.38E+00  0.12E-01  0.50E+00  0.501718  0.865031  0.000000  1.570796  0.90E+03  0.10E+04  0.12E+02  0.10E+04  0.12E+02
       13.        5.      198.  0.38E+00  0.16E-01  0.53E+01  0.501718 -0.865031  0.000000  1.570796  0.90E+03  0.10E+04  0.12E+02  0.10E+04  0.12E+02
       13.        5.      199.  0.36E+00  0.13E-01  0.22E+00 -1.000000  0.000000 -0.000000  1.570796  0.90E+03  0.10E+04  0.12E+02  0.10E+04  0.12E+02
       13.        6.      216.  0.36E+00  0.13E-01  0.22E+00 -1.000000  0.000000  0.000000  1.570796  0.90E+03  0.10E+04  0.12E+02  0.10E+04  0.12E+02
       13.        6.      217.  0.38E+00  0.16E-01  0.53E+01  0.501718  0.865031 -0.000000  1.570796  0.90E+03  0.10E+04  0.12E+02  0.10E+04  0.12E+02
       13.        7.      235.  0.59E-01  0.18E-01  0.98E+00  0.501718 -0.865031  0.000000  1.570796  0.90E+03  0.10E+04  0.12E+02  0.10E+04  0.12E+02
       13.        7.      288.  0.59E-01  0.18E-01  0.98E+00  0.501718  0.865031  0.000000  1.570796  0.90E+03  0.10E+04  0.12E+02  0.10E+04  0.12E+02
       13.        8.      252.  0.59E-01  0.10E-01  0.13E+01  0.501718 -0.865031  0.000000  1.570796  0.90E+03  0.10E+04  0.12E+02  0.10E+04  0.12E+02
       13.        8.      253.  0.83E-01  0.80E-02  0.93E+00 -1.000000  0.000000  0.000000  1.570796  0.90E+03  0.10E+04  0.12E+02  0.10E+04  0.12E+02
       13.        9.      270.  0.83E-01  0.80E-02  0.93E+00 -1.000000  0.000000  0.000000  1.570796  0.90E+03  0.10E+04  0.12E+02  0.10E+04  0.12E+02
       13.        9.      271.  0.59E-01  0.10E-01  0.13E+01  0.501718  0.865031  0.000000  1.570796  0.90E+03  0.10E+04  0.12E+02  0.10E+04  0.12E+02
       14.        4.      181.  0.44E+00  0.12E-01  0.31E+01  0.501718 -0.865031 -0.000000  1.570796  0.90E+03  0.10E+04  0.12E+02  0.10E+04  0.12E+02
       14.        4.      234.  0.44E+00  0.12E-01  0.31E+01  0.501718  0.865031  0.000000  1.570796  0.90E+03  0.10E+04  0.12E+02  0.10E+04  0.12E+02
       14.        5.      198.  0.44E+00  0.13E-01  0.93E+01  0.501718 -0.865031  0.000000  1.570796  0.90E+03  0.10E+04  0.12E+02  0.10E+04  0.12E+02
       14.        5.      199.  0.32E+00  0.89E-02  0.63E+00 -1.000000  0.000000 -0.000000  1.570796  0.90E+03  0.10E+04  0.12E+02  0.10E+04  0.12E+02
       14.        6.      216.  0.32E+00  0.89E-02  0.63E+00 -1.000000  0.000000  0.000000  1.570796  0.90E+03  0.10E+04  0.12E+02  0.10E+04  0.12E+02
       14.        6.      217.  0.44E+00  0.13E-01  0.93E+01  0.501718  0.865031 -0.000000  1.570796  0.90E+03  0.10E+04  0.12E+02  0.10E+04  0.12E+02
       14.        7.      235.  0.36E-01  0.16E-01  0.19E+01  0.501718 -0.865031  0.000000  1.570796  0.90E+03  0.10E+04  0.12E+02  0.10E+04  0.12E+02
       14.        7.      288.  0.36E-01  0.16E-01  0.19E+01  0.501718  0.865031  0.000000  1.570796  0.90E+03  0.10E+04  0.12E+02  0.10E+04  0.12E+02
       14.        8.      252.  0.36E-01  0.95E-02  0.29E+01  0.501718 -0.865031  0.000000  1.570796  0.90E+03  0.10E+04  0.12E+02  0.10E+04  0.12E+02
       14.        8.      253.  0.81E-01  0.60E-02  0.72E+00 -1.000000  0.000000  0.000000  1.570796  0.90E+03  0.10E+04  0.12E+02  0.10E+04  0.12E+02
       14.        9.      270.  0.81E-01  0.60E-02  0.72E+00 -1.000000  0.000000  0.000000  1.570796  0.90E+03  0.10E+04  0.12E+02  0.10E+04  0.12E+02
       14.        9.      271.  0.36E-01  0.95E-02  0.29E+01  0.501718  0.865031  0.000000  1.570796  0.90E+03  0.10E+04  0.12E+02  0.10E+04  0.12E+02
       15.        4.      181.  0.47E+00  0.10E-01  0.42E+01  0.501718 -0.865031 -0.000000  1.570796  0.90E+03  0.10E+04  0.12E+02  0.10E+04  0.12E+02
       15.        4.      234.  0.47E+00  0.10E-01  0.42E+01  0.501718  0.865031  0.000000  1.570796  0.90E+03  0.10E+04  0.12E+02  0.10E+04  0.12E+02
       15.        5.      198.  0.47E+00  0.73E-02  0.10E+02  0.501718 -0.865031  0.000000  1.570796  0.90E+03  0.10E+04  0.12E+02  0.10E+04  0.12E+02
       15.        5.      199.  0.30E+00  0.27E-02  0.89E+00 -1.000000  0.000000 -0.000000  1.570796  0.90E+03  0.10E+04  0.12E+02  0.10E+04  0.12E+02
       15.        6.      216.  0.30E+00  0.27E-02  0.89E+00 -1.000000  0.000000  0.000000  1.570796  0.90E+03  0.10E+04  0.12E+02  0.10E+04  0.12E+02
       15.        6.      217.  0.47E+00  0.73E-02  0.10E+02  0.501718  0.865031 -0.000000  1.570796  0.90E+03  0.10E+04  0.12E+02  0.10E+04  0.12E+02
       15.        7.      235.  0.11E-01  0.73E-02  0.17E+01  0.501718 -0.865031  0.000000  1.570796  0.90E+03  0.10E+04  0.12E+02  0.10E+04  0.12E+02
       15.        7.      288.  0.11E-01  0.73E-02  0.17E+01  0.501718  0.865031  0.000000  1.570796  0.90E+03  0.10E+04  0.12E+02  0.10E+04  0.12E+02
       15.        8.      252.  0.11E-01  0.56E-02  0.38E+01  0.501718 -0.865031  0.000000  1.570796  0.90E+03  0.10E+04  0.12E+02  0.10E+04  0.12E+02
       15.        8.      253.  0.61E-01  0.17E-02  0.64E+00 -1.000000  0.000000  0.000000  1.570796  0.90E+03  0.10E+04  0.12E+02  0.10E+04  0.12E+02
       15.        9.      270.  0.61E-01  0.17E-02  0.64E+00 -1.000000  0.000000  0.000000  1.570796  0.90E+03  0.10E+04  0.12E+02  0.10E+04  0.12E+02
       15.        9.      271.  0.11E-01  0.56E-02  0.38E+01  0.501718  0.865031  0.000000  1.570796  0.90E+03  0.10E+04  0.12E+02  0.10E+04  0.12E+02
       16.        4.      181.  0.48E+00  0.66E-02  0.37E+01  0.501718 -0.865031 -0.000000  1.570796  0.90E+03  0.10E+04  0.12E+02  0.10E+04  0.12E+02
       16.        4.      234.  0.48E+00  0.66E-02  0.37E+01  0.501718  0.865031  0.000000  1.570796  0.90E+03  0.10E+04  0.12E+02  0.10E+04  0.12E+02
       16.        5.      198.  0.47E+00  0.14E-03  0.88E+01  0.501718 -0.865031  0.000000  1.570796  0.90E+03  0.10E+04  0.12E+02  0.10E+04  0.12E+02
       16.        5.      199.  0.30E+00  0.35E-02  0.62E+00 -1.000000  0.000000 -0.000000  1.570796  0.90E+03  0.10E+04  0.12E+02  0.10E+04  0.12E+02
       16.        6.      216.  0.30E+00  0.35E-02  0.62E+00 -1.000000  0.000000  0.000000  1.570796  0.90E+03  0.10E+04  0.12E+02  0.10E+04  0.12E+02
       16.        6.      217.  0.47E+00  0.14E-03  0.88E+01  0.501718  0.865031 -0.000000  1.570796  0.90E+03  0.10E+04  0.12E+02  0.10E+04  0.12E+02
       16.        7.      235.  0.38E-01  0.17E-02  0.97E+00  0.501718 -0.865031  0.000000  1.570796  0.90E+03  0.10E+04  0.12E+02  0.10E+04  0.12E+02
       16.        7.      288.  0.38E-01  0.17E-02  0.97E+00  0.501718  0.865031  0.000000  1.570796  0.90E+03  0.10E+04  0.12E+02  0.10E+04  0.12E+02
       16.        8.      252.  0.38E-01  0.24E-02  0.36E+01  0.501718 -0.865031  0.000000  1.570796  0.90E+03  0.10E+04  0.12E+02  0.10E+04  0.12E+02
       16.        8.      253.  0.44E-01  0.76E-03  0.69E+00 -1.000000  0.000000  0.000000  1.570796  0.90E+03  0.10E+04  0.12E+02  0.10E+04  0.12E+02
       16.        9.      270.  0.44E-01  0.76E-03  0.69E+00 -1.000000  0.000000  0.000000  1.570796  0.90E+03  0.10E+04  0.12E+02  0.10E+04  0.12E+02
       16.        9.      271.  0.38E-01  0.24E-02  0.36E+01  0.501718  0.865031  0.000000  1.570796  0.90E+03  0.10E+04  0.12E+02  0.10E+04  0.12E+02
       17.        4.      181.  0.45E+00  0.14E-02  0.20E+01  0.501718 -0.865031 -0.000000  1.570796  0.90E+03  0.10E+04  0.12E+02  0.10E+04  0.12E+02
       17.        4.      234.  0.45E+00  0.14E-02  0.20E+01  0.501718  0.865031  0.000000  1.570796  0.90E+03  0.10E+04  0.12E+02  0.10E+04  0.12E+02
       17.        5.      198.  0.45E+00  0.74E-02  0.54E+01  0.501718 -0.865031  0.000000  1.570796  0.90E+03  0.10E+04  0.12E+02  0.10E+04  0.12E+02
       17.        5.      199.  0.32E+00  0.86E-02  0.50E-01 -1.000000  0.000000 -0.000000  1.570796  0.90E+03  0.10E+04  0.12E+02  0.10E+04  0.12E+02
       17.        6.      216.  0.32E+00  0.86E-02  0.50E-01 -1.000000  0.000000  0.000000  1.570796  0.90E+03  0.10E+04  0.12E+02  0.10E+04  0.12E+02
       17.        6.      217.  0.45E+00  0.74E-02  0.54E+01  0.501718  0.865031 -0.000000  1.570796  0.90E+03  0.10E+04  0.12E+02  0.10E+04  0.12E+02
       17.        7.      235.  0.47E-01  0.13E-02  0.96E-01  0.501718 -0.865031  0.000000  1.570796  0.90E+03  0.10E+04  0.12E+02  0.10E+04  0.12E+02
       17.        7.      288.  0.47E-01  0.13E-02  0.96E-01  0.501718  0.865031  0.000000  1.570796  0.90E+03  0.10E+04  0.12E+02  0.10E+04  0.12E+02
       17.        8.      252.  0.47E-01  0.21E-03  0.27E+01  0.501718 -0.865031  0.000000  1.570796  0.90E+03  0.10E+04  0.12E+02  0.10E+04  0.12E+02
       17.        8.      253.  0.33E-01  0.15E-02  0.84E+00 -1.000000  0.000000  0.000000  1.570796  0.90E+03  0.10E+04  0.12E+02  0.10E+04  0.12E+02
       17.        9.      270.  0.33E-01  0.15E-02  0.84E+00 -1.000000  0.000000  0.000000  1.570796  0.90E+03  0.10E+04  0.12E+02  0.10E+04  0.12E+02
       17.        9.      271.  0.47E-01  0.21E-03  0.27E+01  0.501718  0.865031  0.000000  1.570796  0.90E+03  0.10E+04  0.12E+02  0.10E+04  0.12E+02
       18.        4.      181.  0.41E+00  0.60E-02  0.54E-01  0.501718 -0.865031 -0.000000  1.570796  0.90E+03  0.10E+04  0.12E+02  0.10E+04  0.12E+02
       18.        4.      234.  0.41E+00  0.60E-02  0.54E-01  0.501718  0.865031  0.000000  1.570796  0.90E+03  0.10E+04  0.12E+02  0.10E+04  0.12E+02
       18.        5.      198.  0.41E+00  0.14E-01  0.16E+01  0.501718 -0.865031  0.000000  1.570796  0.90E+03  0.10E+04  0.12E+02  0.10E+04  0.12E+02
       18.        5.      199.  0.35E+00  0.12E-01  0.84E+00 -1.000000  0.000000 -0.000000  1.570796  0.90E+03  0.10E+04  0.12E+02  0.10E+04  0.12E+02
       18.        6.      216.  0.35E+00  0.12E-01  0.84E+00 -1.000000  0.000000  0.000000  1.570796  0.90E+03  0.10E+04  0.12E+02  0.10E+04  0.12E+02
       18.        6.      217.  0.41E+00  0.14E-01  0.16E+01  0.501718  0.865031 -0.000000  1.570796  0.90E+03  0.10E+04  0.12E+02  0.10E+04  0.12E+02
       18.        7.      235.  0.55E-01  0.43E-02  0.12E+01  0.501718 -0.865031  0.000000  1.570796  0.90E+03  0.10E+04  0.12E+02  0.10E+04  0.12E+02
       18.        7.      288.  0.55E-01  0.43E-02  0.12E+01  0.501718  0.865031  0.000000  1.570796  0.90E+03  0.10E+04  0.12E+02  0.10E+04  0.12E+02
       18.        8.      252.  0.55E-01  0.22E-02  0.17E+01  0.501718 -0.865031  0.000000  1.570796  0.90E+03  0.10E+04  0.12E+02  0.10E+04  0.12E+02
       18.        8.      253.  0.20E-01  0.21E-02  0.97E+00 -1.000000  0.000000  0.000000  1.570796  0.90E+03  0.10E+04  0.12E+02  0.10E+04  0.12E+02
       18.        9.      270.  0.20E-01  0.21E-02  0.97E+00 -1.000000  0.000000  0.000000  1.570796  0.90E+03  0.10E+04  0.12E+02  0.10E+04  0.12E+02
       18.        9.      271.  0.55E-01  0.22E-02  0.17E+01  0.501718  0.865031  0.000000  1.570796  0.90E+03  0.10E+04  0.12E+02  0.10E+04  0.12E+02
       19.        4.      181.  0.36E+00  0.12E-01  0.24E+01  0.501718 -0.865031 -0.000000  1.570796  0.90E+03  0.10E+04  0.12E+02  0.10E+04  0.12E+02
       19.        4.      234.  0.36E+00  0.12E-01  0.24E+01  0.501718  0.865031  0.000000  1.570796  0.90E+03  0.10E+04  0.12E+02  0.10E+04  0.12E+02
       19.        5.      198.  0.36E+00  0.16E-01  0.27E+01  0.501718 -0.865031  0.000000  1.570796  0.90E+03  0.10E+04  0.12E+02  0.10E+04  0.12E+02
       19.        5.      199.  0.38E+00  0.13E-01  0.17E+01 -1.000000  0.000000 -0.000000  1.570796  0.90E+03  0.10E+04  0.12E+02  0.10E+04  0.12E+02
       19.        6.      216.  0.38E+00  0.13E-01  0.17E+01 -1.000000  0.000000  0.000000  1.570796  0.90E+03  0.10E+04  0.12E+02  0.10E+04  0.12E+02
       19.        6.      217.  0.36E+00  0.16E-01  0.27E+01  0.501718  0.865031 -0.000000  1.570796  0.90E+03  0.10E+04  0.12E+02  0.10E+04  0.12E+02
       19.        7.      235.  0.67E-01  0.84E-02  0.24E+01  0.501718 -0.865031  0.000000  1.570796  0.90E+03  0.10E+04  0.12E+02  0.10E+04  0.12E+02
       19.        7.      288.  0.67E-01  0.84E-02  0.24E+01  0.501718  0.865031  0.000000  1.570796  0.90E+03  0.10E+04  0.12E+02  0.10E+04  0.12E+02
       19.        8.      252.  0.67E-01  0.52E-02  0.55E+00  0.501718 -0.865031  0.000000  1.570796  0.90E+03  0.10E+04  0.12E+02  0.10E+04  0.12E+02
       19.        8.      253.  0.43E-02  0.32E-02  0.11E+01 -1.000000  0.000000  0.000000  1.570796  0.90E+03  0.10E+04  0.12E+02  0.10E+04  0.12E+02
       19.        9.      270.  0.43E-02  0.32E-02  0.11E+01 -1.000000  0.000000  0.000000  1.570796  0.90E+03  0.10E+04  0.12E+02  0.10E+04  0.12E+02
       19.        9.      271.  0.67E-01  0.52E-02  0.55E+00  0.501718  0.865031  0.000000  1.570796  0.90E+03  0.10E+04  0.12E+02  0.10E+04  0.12E+02
       20.        4.      181.  0.30E+00  0.13E-01  0.49E+01  0.501718 -0.865031 -0.000000  1.570796  0.90E+03  0.10E+04  0.12E+02  0.10E+04  0.12E+02
       20.        4.      234.  0.30E+00  0.13E-01  0.49E+01  0.501718  0.865031  0.000000  1.570796  0.90E+03  0.10E+04  0.12E+02  0.10E+04  0.12E+02
       20.        5.      198.  0.31E+00  0.14E-01  0.68E+01  0.501718 -0.865031  0.000000  1.570796  0.90E+03  0.10E+04  0.12E+02  0.10E+04  0.12E+02
       20.        5.      199.  0.42E+00  0.91E-02  0.26E+01 -1.000000  0.000000 -0.000000  1.570796  0.90E+03  0.10E+04  0.12E+02  0.10E+04  0.12E+02
       20.        6.      216.  0.42E+00  0.91E-02  0.26E+01 -1.000000  0.000000  0.000000  1.570796  0.90E+03  0.10E+04  0.12E+02  0.10E+04  0.12E+02
       20.        6.      217.  0.31E+00  0.14E-01  0.68E+01  0.501718  0.865031 -0.000000  1.570796  0.90E+03  0.10E+04  0.12E+02  0.10E+04  0.12E+02
       20.        7.      235.  0.82E-01  0.13E-01  0.37E+01  0.501718 -0.865031  0.000000  1.570796  0.90E+03  0.10E+04  0.12E+02  0.10E+04  0.12E+02
       20.        7.      288.  0.82E-01  0.13E-01  0.37E+01  0.501718  0.865031  0.000000  1.570796  0.90E+03  0.10E+04  0.12E+02  0.10E+04  0.12E+02
       20.        8.      252.  0.82E-01  0.81E-02  0.77E+00  0.501718 -0.865031  0.000000  1.570796  0.90E+03  0.10E+04  0.12E+02  0.10E+04  0.12E+02
       20.        8.      253.  0.13E-01  0.46E-02  0.13E+01 -1.000000  0.000000  0.000000  1.570796  0.90E+03  0.10E+04  0.12E+02  0.10E+04  0.12E+02
       20.        9.      270.  0.13E-01  0.46E-02  0.13E+01 -1.000000  0.000000  0.000000  1.570796  0.90E+03  0.10E+04  0.12E+02  0.10E+04  0.12E+02
       20.        9.      271.  0.82E-01  0.81E-02  0.77E+00  0.501718  0.865031  0.000000  1.570796  0.90E+03  0.10E+04  0.12E+02  0.10E+04  0.12E+02
       21.        4.      181.  0.26E+00  0.84E-02  0.69E+01  0.501718 -0.865031 -0.000000  1.570796  0.90E+03  0.10E+04  0.12E+02  0.10E+04  0.12E+02
       21.        4.      234.  0.26E+00  0.84E-02  0.69E+01  0.501718  0.865031  0.000000  1.570796  0.90E+03  0.10E+04  0.12E+02  0.10E+04  0.12E+02
       21.        5.      198.  0.26E+00  0.60E-02  0.98E+01  0.501718 -0.865031  0.000000  1.570796  0.90E+03  0.10E+04  0.12E+02  0.10E+04  0.12E+02
       21.        5.      199.  0.45E+00  0.19E-02  0.32E+01 -1.000000  0.000000 -0.000000  1.570796  0.90E+03  0.10E+04  0.12E+02  0.10E+04  0.12E+02
       21.        6.      216.  0.45E+00  0.19E-02  0.32E+01 -1.000000  0.000000  0.000000  1.570796  0.90E+03  0.10E+04  0.12E+02  0.10E+04  0.12E+02
       21.        6.      217.  0.26E+00  0.60E-02  0.98E+01  0.501718  0.865031 -0.000000  1.570796  0.90E+03  0.10E+04  0.12E+02  0.10E+04  0.12E+02
       21.        7.      235.  0.87E-01  0.15E-01  0.47E+01  0.501718 -0.865031  0.000000  1.570796  0.90E+03  0.10E+04  0.12E+02  0.10E+04  0.12E+02
       21.        7.      288.  0.87E-01  0.15E-01  0.47E+01  0.501718  0.865031  0.000000  1.570796  0.90E+03  0.10E+04  0.12E+02  0.10E+04  0.12E+02
       21.        8.      252.  0.87E-01  0.95E-02  0.21E+01  0.501718 -0.865031  0.000000  1.570796  0.90E+03  0.10E+04  0.12E+02  0.10E+04  0.12E+02
       21.        8.      253.  0.23E-01  0.53E-02  0.15E+01 -1.000000  0.000000  0.000000  1.570796  0.90E+03  0.10E+04  0.12E+02  0.10E+04  0.12E+02
       21.        9.      270.  0.23E-01  0.53E-02  0.15E+01 -1.000000  0.000000  0.000000  1.570796  0.90E+03  0.10E+04  0.12E+02  0.10E+04  0.12E+02
       21.        9.      271.  0.87E-01  0.95E-02  0.21E+01  0.501718  0.865031  0.000000  1.570796  0.90E+03  0.10E+04  0.12E+02  0.10E+04  0.12E+02
       22.        4.      181.  0.23E+00  0.13E-02  0.81E+01  0.501718 -0.865031 -0.000000  1.570796  0.90E+03  0.10E+04  0.12E+02  0.10E+04  0.12E+02
       22.        4.      234.  0.23E+00  0.13E-02  0.81E+01  0.501718  0.865031  0.000000  1.570796  0.90E+03  0.10E+04  0.12E+02  0.10E+04  0.12E+02
       22.        5.      198.  0.23E+00  0.45E-02  0.11E+02  0.501718 -0.865031  0.000000  1.570796  0.90E+03  0.10E+04  0.12E+02  0.10E+04  0.12E+02
       22.        5.      199.  0.47E+00  0.71E-02  0.35E+01 -1.000000  0.000000 -0.000000  1.570796  0.90E+03  0.10E+04  0.12E+02  0.10E+04  0.12E+02
       22.        6.      216.  0.47E+00  0.71E-02  0.35E+01 -1.000000  0.000000  0.000000  1.570796  0.90E+03  0.10E+04  0.12E+02  0.10E+04  0.12E+02
       22.        6.      217.  0.23E+00  0.45E-02  0.11E+02  0.501718  0.865031 -0.000000  1.570796  0.90E+03  0.10E+04  0.12E+02  0.10E+04  0.12E+02
       22.        7.      235.  0.77E-01  0.13E-01  0.51E+01  0.501718 -0.865031  0.000000  1.570796  0.90E+03  0.10E+04  0.12E+02  0.10E+04  0.12E+02
       22.        7.      288.  0.77E-01  0.13E-01  0.51E+01  0.501718  0.865031  0.000000  1.570796  0.90E+03  0.10E+04  0.12E+02  0.10E+04  0.12E+02
       22.        8.      252.  0.77E-01  0.86E-02  0.32E+01  0.501718 -0.865031  0.000000  1.570796  0.90E+03  0.10E+04  0.12E+02  0.10E+04  0.12E+02
       22.        8.      253.  0.22E-01  0.47E-02  0.17E+01 -1.000000  0.000000  0.000000  1.570796  0.90E+03  0.10E+04  0.12E+02  0.10E+04  0.12E+02
       22.        9.      270.  0.22E-01  0.47E-02  0.17E+01 -1.000000  0.000000  0.000000  1.570796  0.90E+03  0.10E+04  0.12E+02  0.10E+04  0.12E+02
       22.        9.      271.  0.77E-01  0.86E-02  0.32E+01  0.501718  0.865031  0.000000  1.570796  0.90E+03  0.10E+04  0.12E+02  0.10E+04  0.12E+02
       23.        4.      181.  0.24E+00  0.91E-02  0.70E+01  0.501718 -0.865031 -0.000000  1.570796  0.90E+03  0.10E+04  0.12E+02  0.10E+04  0.12E+02
       23.        4.      234.  0.24E+00  0.91E-02  0.70E+01  0.501718  0.865031  0.000000  1.570796  0.90E+03  0.10E+04  0.12E+02  0.10E+04  0.12E+02
       23.        5.      198.  0.25E+00  0.13E-01  0.83E+01  0.501718 -0.865031  0.000000  1.570796  0.90E+03  0.10E+04  0.12E+02  0.10E+04  0.12E+02
       23.        5.      199.  0.46E+00  0.14E-01  0.30E+01 -1.000000  0.000000 -0.000000  1.570796  0.90E+03  0.10E+04  0.12E+02  0.10E+04  0.12E+02
       23.        6.      216.  0.46E+00  0.14E-01  0.30E+01 -1.000000  0.000000  0.000000  1.570796  0.90E+03  0.10E+04  0.12E+02  0.10E+04  0.12E+02
       23.        6.      217.  0.25E+00  0.13E-01  0.83E+01  0.501718  0.865031 -0.000000  1.570796  0.90E+03  0.10E+04  0.12E+02  0.10E+04  0.12E+02
       23.        7.      235.  0.40E-01  0.54E-02  0.41E+01  0.501718 -0.865031  0.000000  1.570796  0.90E+03  0.10E+04  0.12E+02  0.10E+04  0.12E+02
       23.        7.      288.  0.40E-01  0.54E-02  0.41E+01  0.501718  0.865031  0.000000  1.570796  0.90E+03  0.10E+04  0.12E+02  0.10E+04  0.12E+02
       23.        8.      252.  0.40E-01  0.39E-02  0.29E+01  0.501718 -0.865031  0.000000  1.570796  0.90E+03  0.10E+04  0.12E+02  0.10E+04  0.12E+02
       23.        8.      253.  0.18E-02  0.15E-02  0.16E+01 -1.000000  0.000000  0.000000  1.570796  0.90E+03  0.10E+04  0.12E+02  0.10E+04  0.12E+02
       23.        9.      270.  0.18E-02  0.15E-02  0.16E+01 -1.000000  0.000000  0.000000  1.570796  0.90E+03  0.10E+04  0.12E+02  0.10E+04  0.12E+02
       23.        9.      271.  0.40E-01  0.39E-02  0.29E+01  0.501718  0.865031  0.000000  1.570796  0.90E+03  0.10E+04  0.12E+02  0.10E+04  0.12E+02
       24.        4.      181.  0.31E+00  0.12E-01  0.34E+01  0.501718 -0.865031 -0.000000  1.570796  0.90E+03  0.10E+04  0.12E+02  0.10E+04  0.12E+02
       24.        4.      234.  0.31E+00  0.12E-01  0.34E+01  0.501718  0.865031  0.000000  1.570796  0.90E+03  0.10E+04  0.12E+02  0.10E+04  0.12E+02
       24.        5.      198.  0.31E+00  0.16E-01  0.17E+01  0.501718 -0.865031  0.000000  1.570796  0.90E+03  0.10E+04  0.12E+02  0.10E+04  0.12E+02
       24.        5.      199.  0.41E+00  0.15E-01  0.16E+01 -1.000000  0.000000 -0.000000  1.570796  0.90E+03  0.10E+04  0.12E+02  0.10E+04  0.12E+02
       24.        6.      216.  0.41E+00  0.15E-01  0.16E+01 -1.000000  0.000000  0.000000  1.570796  0.90E+03  0.10E+04  0.12E+02  0.10E+04  0.12E+02
       24.        6.      217.  0.31E+00  0.16E-01  0.17E+01  0.501718  0.865031 -0.000000  1.570796  0.90E+03  0.10E+04  0.12E+02  0.10E+04  0.12E+02
       24.        7.      235.  0.21E-01  0.85E-02  0.15E+01  0.501718 -0.865031  0.000000  1.570796  0.90E+03  0.10E+04  0.12E+02  0.10E+04  0.12E+02
       24.        7.      288.  0.21E-01  0.85E-02  0.15E+01  0.501718  0.865031  0.000000  1.570796  0.90E+03  0.10E+04  0.12E+02  0.10E+04  0.12E+02
       24.        8.      252.  0.21E-01  0.42E-02  0.95E+00  0.501718 -0.865031  0.000000  1.570796  0.90E+03  0.10E+04  0.12E+02  0.10E+04  0.12E+02
       24.        8.      253.  0.48E-01  0.43E-02  0.13E+01 -1.000000  0.000000  0.000000  1.570796  0.90E+03  0.10E+04  0.12E+02  0.10E+04  0.12E+02
       24.        9.      270.  0.48E-01  0.43E-02  0.13E+01 -1.000000  0.000000  0.000000  1.570796  0.90E+03  0.10E+04  0.12E+02  0.10E+04  0.12E+02
       24.        9.      271.  0.21E-01  0.42E-02  0.95E+00  0.501718  0.865031  0.000000  1.570796  0.90E+03  0.10E+04  0.12E+02  0.10E+04  0.12E+02
